Gutnik	Elina	Andreevna	2309	5.56	763.84	12	838.042	5.2023	168	733.286	4.2023	156	776.934	3.2023	161	628.531	2.2023	144	881.69	1.2023	173	663.45	12.2022	148	733.286	11.2022	156	934.067	10.2022	179	768.205	9.2022	160	759.475	8.2022	159	811.853	7.2022	165	637.261	6.2022	145
Ivanov	Ivan	Ivanovich	1932	3.76	608.268	6	661.76	5.2023	172	555.878	4.2023	156	459.923	3.2023	139	628.672	2.2023	167	688.23	1.2023	176	655.142	12.2022	171
Lozuk	Evgeniy	Petrovich	1523	5.01	748	4	730.4	5.2023	155	880	4.2023	172	633.6	3.2023	144	748	2.2023	157
Kovalenko	Antonina	Alexeevna	6731	3.98	472.853	9	512.16	5.2023	169	448.8	4.2023	157	464.64	3.2023	160	522.72	2.2023	171	406.56	1.2023	149	549.12	12.2022	176	427.68	11.2022	153	485.76	10.2022	164	438.24	9.2022	155
Kozlova	Alina	Victorovna	2984	4.21	540.32	4	528	5.2023	147	598.4	4.2023	157	542.08	3.2023	149	492.8	2.2023	140
Markova	Ulia	Sergeevna	9385	5.06	644.6	2	677.6	5.2023	149	611.6	4.2023	139
Ivanov	Artem	Petrovich	3064	3.90	436.48	3	459.36	5.2023	159	464.64	4.2023	160	385.44	3.2023	145
Nikitina	Elena	Alexeevna	7075	4.44	564.08	4	482.24	5.2023	137	549.12	4.2023	150	668.8	3.2023	167	556.16	2.2023	151
Kuznetsov	Vladislav	Igorevich	3899	5.63	704.55	8	594	4.2023	135	572	5.2023	130	774.4	3.2023	160	836	2.2023	167	730.4	1.2023	155	765.6	12.2022	159	748	11.2022	157	616	10.2022	140
Makarov	Andrey	Andreevich	2949	3.01	391.6	3	369.6	5.2023	140	438.24	4.2023	155	366.96	3.2023	139
Popova	Kseniya	Igorevna	5503	2.91	265.173	3	249.92	5.2023	142	313.28	4.2023	161	232.32	3.2023	132
Fedorova	Olga	Vladimirovna	4395	6.75	827.64	4	844.8	5.2023	152	755.04	4.2023	143	971.52	3.2023	164	739.2	2.2023	140
Dmitriev	Nikita	Maksimovich	5349	3.48	408.32	3	401.28	5.2023	148	469.92	4.2023	161	353.76	2.2023	134
Koroleva	Anastasia	Andreevna	6504	5.25	643.867	3	624.8	5.2023	142	739.2	4.2023	156	567.6	3.2023	129
Lebedev	Artem	Nikolaevich	2359	3.36	396	3	427.68	5.2023	153	417.12	4.2023	151	343.2	3.2023	130
Petrov	Sergey	Ivanovich	5690	5.01	708.4	2	739.2	5.2023	156	677.6	4.2023	149
Komarov	Sergei	Dmitrievich	3295	4.59	554.4	4	591.36	5.2023	156	457.6	4.2023	130	471.68	3.2023	134	696.96	2.2023	171
Kolesnikov	Ivan	Alexandrovich	2035	3.91	377.52	4	356.4	5.2023	135	377.52	4.2023	143	343.2	3.2023	130	432.96	2.2023	154
Adushkin	Uriy	Vitalievich	2235	5.35	669.9	4	651.2	5.2023	146	567.6	4.2023	129	862.4	3.2023	170	598.4	2.2023	136
Sachuk	Anastasia	Sergeevna	3955	5.90	839.373	6	965.712	1.2023	165	809.952	2.2023	150	996.864	3.2023	168	851.488	4.2023	154	726.88	5.2023	140	685.344	6.2023	132
